62 50
46.90 46.91 46.92 46.93 46.95 46.96 46.97 46.98 46.99 47.00 47.01 47.03 47.05 47.06 47.07 47.06 47.06 47.06 47.03 46.98 27.18 27.25  2.44  2.44  2.44  2.44  2.44  2.44  2.44  2.44  2.44  2.44  2.44  2.44  2.44  2.44  2.44  2.44  2.44  2.44  2.44  2.44  2.44  2.44  2.44  2.44  2.44  2.44  2.44  2.44
47.12 47.14 47.15 47.17 47.19 47.20 47.22 47.24 47.26 47.28 47.30 47.31 47.32 47.32 47.30 26.42  3.31  3.31  3.31  3.31  3.31  3.31  3.31  3.31  3.31  3.31  3.31  3.31  3.31  3.31  3.31  3.31  3.31  3.31  3.31  3.31  3.31  3.31  3.31  3.31  3.31  3.31  3.31  3.31  3.31  3.31  3.31  3.31  3.31  3.31
47.31 47.33 47.35 47.37 47.39 47.41 47.45 47.48 47.51 47.52 47.53 47.51 27.52  3.32  3.32  3.32  3.32  3.32  3.32  3.32  3.32  3.32  3.32  3.32  3.32  3.32  3.32  3.32  3.32  3.32  3.32  3.32  3.32  3.32  3.32  3.32  3.32  3.32  3.32  3.32  3.32  3.32  3.32  3.32  3.32  3.32  3.32  3.32  3.32  3.32
47.46 47.48 47.51 47.54 47.57 47.59 47.63 47.66 47.67 47.69 47.67 35.94  2.22  2.22  2.22  2.22  2.22  2.22  2.22  2.22  2.22  2.22  2.22  2.22  2.22  2.22  2.22  2.22  2.22  2.22  2.22  2.22  2.22  2.22  2.22  2.22  2.22  2.22  2.22  2.22  2.22  2.22  2.22  2.22  2.22  2.22  2.22  2.22  2.22  2.22
47.61 47.64 47.66 47.70 47.74 47.78 47.82 47.83 47.84 27.05  2.34  2.34  2.34  2.34  2.34  2.34  2.34  2.34  2.34  2.34  2.34  2.34  2.34  2.34  2.34  2.34  2.34  2.34  2.34  2.34  2.34  2.34  2.34  2.34  2.34  2.34  2.34  2.34  2.34  2.34  2.34  2.34  2.34  2.34  2.34  2.34  2.34  2.34  2.34  2.34
47.73 47.76 47.80 47.85 47.89 47.94 47.96 47.97 27.19  2.65  2.65  2.65  2.65  2.65  2.65  2.65  2.65  2.65  2.65  2.65  2.65  2.65  2.65  2.65  2.65  2.65  2.65  2.65  2.65  2.65  2.65  2.65  2.65  2.65  2.65  2.65  2.65  2.65  2.65  2.65  2.65  2.65  2.65  2.65  2.65  2.65  2.65  2.65  2.65  2.65
47.83 47.87 47.91 47.96 48.01 48.04 48.08 48.11  2.63  2.63  2.63  2.63  2.63  2.63  2.63  2.63  2.63  2.63  2.63  2.63  2.63  2.63  2.63  2.63  2.63  2.63  2.63  2.63  2.63  2.63  2.63  2.63  2.63  2.63  2.63  2.63  2.63  2.63  2.63  2.63  2.63  2.63  2.63  2.63  2.63  2.63  2.63  2.63  2.63  2.63
47.93 47.97 48.02 48.08 48.14 48.17 48.13  2.60  2.60  2.60  2.60  2.60  2.60  2.60  2.60  2.60  2.60  2.60  2.60  2.60  2.60  2.60  2.60  2.60  2.60  2.60  2.60  2.60  2.60  2.60  2.60  2.60  2.60  2.60  2.60  2.60  2.60  2.60  2.60  2.60  2.60  2.60  2.60  2.60  2.60  2.60  2.60  2.60  2.60  2.60
48.01 48.07 48.12 48.19 48.23 48.27  2.65  2.65  2.65  2.65  2.65  2.65  2.65  2.65  2.65  2.65  2.65  2.65  2.65  2.65  2.65  2.65  2.65  2.65  2.65  2.65  2.65  2.65  2.65  2.65  2.65  2.65  2.65  2.65  2.65  2.65  2.65  2.65  2.65  2.65  2.65  2.65  2.65  2.65  2.65  2.65  2.65  2.65  2.65  2.65
48.09 48.15 48.22 48.29 48.34 48.26  2.66  2.66  2.66  2.66  2.66  2.66  2.66  2.66  2.66  2.66  2.66  2.66  2.66  2.66  2.66  2.66  2.66  2.66  2.66  2.66  2.66  2.66  2.66  2.66  2.66  2.66  2.66  2.66  2.66  2.66  2.66  2.66  2.66  2.66  2.66  2.66  2.66  2.66  2.66  2.66  2.66  2.66  2.66  2.66
48.14 48.20 48.28 48.36 48.40 27.50  2.59  2.59  2.59  2.59  2.59  2.59  2.59  2.59  2.59  2.59  2.59  2.59  2.59  2.59  2.59  2.59  2.59  2.59  2.59  2.59  2.59  2.59  2.59  2.59  2.59  2.59  2.59  2.59  2.59  2.59  2.59  2.59  2.59  2.59  2.59  2.59  2.59  2.59  2.59  2.59  2.59  2.59  2.59  2.59
48.20 48.27 48.35 48.40 48.48  2.63  2.63  2.63  2.63  2.63  2.63  2.63  2.63  2.63  2.63  2.63  2.63  2.63  2.63  2.63  2.63  2.63  2.63  2.63  2.63  2.63  2.63  2.63  2.63  2.63  2.63  2.63  2.63  2.63  2.63  2.63  2.63  2.63  2.63  2.63  2.63  2.63  2.63  2.63  2.63  2.63  2.63  2.63  2.63  2.63
48.26 48.33 48.42 48.48 48.49  2.63  2.63  2.63  2.63  2.63  2.63  2.63  2.63  2.63  2.63  2.63  2.63  2.63  2.63  2.63  2.63  2.63  2.63  2.63  2.63  2.63  2.63  2.63  2.63  2.63  2.63  2.63  2.63  2.63  2.63  2.63  2.63  2.63  2.63  2.63  2.63  2.63  2.63  2.63  2.63  2.63  2.63  2.63  2.63  2.63
48.30 48.40 48.49 48.56 27.47  0.31  0.31  0.31  0.31  0.31  0.31  0.31  0.31  0.31  0.31  0.31  0.31  0.31  0.31  0.31  0.31  0.31  0.31  0.31  0.31  0.31  0.31  0.31  0.31  0.31  0.31  0.31  0.31  0.31  0.31  0.31  0.31  0.31  0.31  0.31  0.31  0.31  0.31  0.31  0.31  0.31  0.31  0.31  0.31  0.31
48.37 48.45 48.56 48.64  7.50  7.50  7.50  7.50  7.50  7.50  7.50  7.50  7.50  7.50  7.50  7.50  7.50  7.50  7.50  7.50  7.50  7.50  7.50  7.50  7.50  7.50  7.50  7.50  7.50  7.50  7.50  7.50  7.50  7.50  7.50  7.50  7.50  7.50  7.50  7.50  7.50  7.50  7.50  7.50  7.50  7.50  7.50  7.50  7.50  7.50
48.42 48.51 48.73 48.71 10.46 10.46 10.46 10.46 10.46 10.46 10.46 10.46 10.46 10.46 10.46 10.46 10.46 10.46 10.46 10.46 10.46 10.46 10.46 10.46 10.46 10.46 10.46 10.46 10.46 10.46 10.46 10.46 10.46 10.46 10.46 10.46 10.46 10.46 10.46 10.46 10.46 10.46 10.46 10.46 10.46 10.46 10.46 10.46 10.46 10.46
48.48 48.65 48.73 48.68  9.90  9.90  9.90  9.90  9.90  9.90  9.90  9.90  9.90  9.90  9.90  9.90  9.90  9.90  9.90  9.90  9.90  9.90  9.90  9.90  9.90  9.90  9.90  9.90  9.90  9.90  9.90  9.90  9.90  9.90  9.90  9.90  9.90  9.90  9.90  9.90  9.90  9.90  9.90  9.90  9.90  9.90  9.90  9.90  9.90  9.90
48.51 48.67 48.70 48.77 23.08 23.08 23.08 23.08 23.08 23.08 23.08 23.08 23.08 23.08 23.08 23.08 23.08 23.08 23.08 23.08 23.08 23.08 23.08 23.08 23.08 23.08 23.08 23.08 23.08 23.08 23.08 23.08 23.08 23.08 23.08 23.08 23.08 23.08 23.08 23.08 23.08 23.08 23.08 23.08 23.08 23.08 23.08 23.08 23.08 23.08
48.60 48.67 48.75 48.73 13.36 13.36 13.36 13.36 13.36 13.36 13.36 13.36 13.36 13.36 13.36 13.36 13.36 13.36 13.36 13.36 13.36 13.36 13.36 13.36 13.36 13.36 13.36 13.36 13.36 13.36 13.36 13.36 13.36 13.36 13.36 13.36 13.36 13.36 13.36 13.36 13.36 13.36 13.36 13.36 13.36 13.36 13.36 13.36 13.36 13.36
48.64 48.72 48.80 48.72 14.76 14.76 14.76 14.76 14.76 14.76 14.76 14.76 14.76 14.76 14.76 14.76 14.76 14.76 14.76 14.76 14.76 14.76 14.76 14.76 14.76 14.76 14.76 14.76 14.76 14.76 14.76 14.76 14.76 14.76 14.76 14.76 14.76 14.76 14.76 14.76 14.76 14.76 14.76 14.76 14.76 14.76 14.76 14.76 14.76 14.76
48.61 48.76 48.88 48.60 14.74 14.74 14.74 14.74 14.74 14.74 14.74 14.74 14.74 14.74 14.74 14.74 14.74 14.74 14.74 14.74 14.74 14.74 14.74 14.74 14.74 14.74 14.74 14.74 14.74 14.74 14.74 14.74 14.74 14.74 14.74 14.74 14.74 14.74 14.74 14.74 14.74 14.74 14.74 14.74 14.74 14.74 14.74 14.74 14.74 14.74
48.65 48.80 48.92 37.40 16.25 16.25 16.25 16.25 16.25 16.25 16.25 16.25 16.25 16.25 16.25 16.25 16.25 16.25 16.25 16.25 16.25 16.25 16.25 16.25 16.25 16.25 16.25 16.25 16.25 16.25 16.25 16.25 16.25 16.25 16.25 16.25 16.25 16.25 16.25 16.25 16.25 16.25 16.25 16.25 16.25 16.25 16.25 16.25 16.25 16.25
48.69 48.84 48.96 47.54 17.54 17.54 17.54 17.54 17.54 17.54 17.54 17.54 17.54 17.54 17.54 17.54 17.54 17.54 17.54 17.54 17.54 17.54 17.54 17.54 17.54 17.54 17.54 17.54 17.54 17.54 17.54 17.54 17.54 17.54 17.54 17.54 17.54 17.54 17.54 17.54 17.54 17.54 17.54 17.54 17.54 17.54 17.54 17.54 17.54 17.54
48.72 48.88 49.00 20.19 20.19 20.19 20.19 20.19 20.19 20.19 20.19 20.19 20.19 20.19 20.19 20.19 20.19 20.19 20.19 20.19 20.19 20.19 20.19 20.19 20.19 20.19 20.19 20.19 20.19 20.19 20.19 20.19 20.19 20.19 20.19 20.19 20.19 20.19 20.19 20.19 20.19 20.19 20.19 20.19 20.19 20.19 20.19 20.19 20.19 20.19
48.76 48.91 49.04 20.85 20.85 20.85 20.85 20.85 20.85 20.85 20.85 20.85 20.85 20.85 20.85 20.85 20.85 20.85 20.85 20.85 20.85 20.85 20.85 20.85 20.85 20.85 20.85 20.85 20.85 20.85 20.85 20.85 20.85 20.85 20.85 20.85 20.85 20.85 20.85 20.85 20.85 20.85 20.85 20.85 20.85 20.85 20.85 20.85 20.85 20.85
48.79 48.94 49.06 21.46 21.46 21.46 21.46 21.46 21.46 21.46 21.46 21.46 21.46 21.46 21.46 21.46 21.46 21.46 21.46 21.46 21.46 21.46 21.46 21.46 21.46 21.46 21.46 21.46 21.46 21.46 21.46 21.46 21.46 21.46 21.46 21.46 21.46 21.46 21.46 21.46 21.46 21.46 21.46 21.46 21.46 21.46 21.46 21.46 21.46 21.46
48.82 48.98 49.10 21.62 21.62 21.62 21.62 21.62 21.62 21.62 21.62 21.62 21.62 21.62 21.62 21.62 21.62 21.62 21.62 21.62 21.62 21.62 21.62 21.62 21.62 21.62 21.62 21.62 21.62 21.62 21.62 21.62 21.62 21.62 21.62 21.62 21.62 21.62 21.62 21.62 21.62 21.62 21.62 21.62 21.62 21.62 21.62 21.62 21.62 21.62
48.75 48.92 49.11 21.85 21.85 21.85 21.85 21.85 21.85 21.85 21.85 21.85 21.85 21.85 21.85 21.85 21.85 21.85 21.85 21.85 21.85 21.85 21.85 21.85 21.85 21.85 21.85 21.85 21.85 21.85 21.85 21.85 21.85 21.85 21.85 21.85 21.85 21.85 21.85 21.85 21.85 21.85 21.85 21.85 21.85 21.85 21.85 21.85 21.85 21.85
48.78 48.95 49.09 22.01 22.01 22.01 22.01 22.01 22.01 22.01 22.01 22.01 22.01 22.01 22.01 22.01 22.01 22.01 22.01 22.01 22.01 22.01 22.01 22.01 22.01 22.01 22.01 22.01 22.01 22.01 22.01 22.01 22.01 22.01 22.01 22.01 22.01 22.01 22.01 22.01 22.01 22.01 22.01 22.01 22.01 22.01 22.01 22.01 22.01 22.01
48.80 48.97 49.13 22.53 22.53 22.53 22.53 22.53 22.53 22.53 22.53 22.53 22.53 22.53 22.53 22.53 22.53 22.53 22.53 22.53 22.53 22.53 22.53 22.53 22.53 22.53 22.53 22.53 22.53 22.53 22.53 22.53 22.53 22.53 22.53 22.53 22.53 22.53 22.53 22.53 22.53 22.53 22.53 22.53 22.53 22.53 22.53 22.53 22.53 22.53
48.83 49.00 49.16 22.48 22.48 22.48 22.48 22.48 22.48 22.48 22.48 22.48 22.48 22.48 22.48 22.48 22.48 22.48 22.48 22.48 22.48 22.48 22.48 22.48 22.48 22.48 22.48 22.48 22.48 22.48 22.48 22.48 22.48 22.48 22.48 22.48 22.48 22.48 22.48 22.48 22.48 22.48 22.48 22.48 22.48 22.48 22.48 22.48 22.48 22.48
48.85 49.03 49.13 22.42 22.42 22.42 22.42 22.42 22.42 22.42 22.42 22.42 22.42 22.42 22.42 22.42 22.42 22.42 22.42 22.42 22.42 22.42 22.42 22.42 22.42 22.42 22.42 22.42 22.42 22.42 22.42 22.42 22.42 22.42 22.42 22.42 22.42 22.42 22.42 22.42 22.42 22.42 22.42 22.42 22.42 22.42 22.42 22.42 22.42 22.42
48.90 49.08 49.06 22.43 22.43 22.43 22.43 22.43 22.43 22.43 22.43 22.43 22.43 22.43 22.43 22.43 22.43 22.43 22.43 22.43 22.43 22.43 22.43 22.43 22.43 22.43 22.43 22.43 22.43 22.43 22.43 22.43 22.43 22.43 22.43 22.43 22.43 22.43 22.43 22.43 22.43 22.43 22.43 22.43 22.43 22.43 22.43 22.43 22.43 22.43
48.95 49.10 48.95 22.56 22.56 22.56 22.56 22.56 22.56 22.56 22.56 22.56 22.56 22.56 22.56 22.56 22.56 22.56 22.56 22.56 22.56 22.56 22.56 22.56 22.56 22.56 22.56 22.56 22.56 22.56 22.56 22.56 22.56 22.56 22.56 22.56 22.56 22.56 22.56 22.56 22.56 22.56 22.56 22.56 22.56 22.56 22.56 22.56 22.56 22.56
48.99 49.15 48.06 22.40 22.40 22.40 22.40 22.40 22.40 22.40 22.40 22.40 22.40 22.40 22.40 22.40 22.40 22.40 22.40 22.40 22.40 22.40 22.40 22.40 22.40 22.40 22.40 22.40 22.40 22.40 22.40 22.40 22.40 22.40 22.40 22.40 22.40 22.40 22.40 22.40 22.40 22.40 22.40 22.40 22.40 22.40 22.40 22.40 22.40 22.40
49.01 49.19 48.28 22.41 22.41 22.41 22.41 22.41 22.41 22.41 22.41 22.41 22.41 22.41 22.41 22.41 22.41 22.41 22.41 22.41 22.41 22.41 22.41 22.41 22.41 22.41 22.41 22.41 22.41 22.41 22.41 22.41 22.41 22.41 22.41 22.41 22.41 22.41 22.41 22.41 22.41 22.41 22.41 22.41 22.41 22.41 22.41 22.41 22.41 22.41
49.05 49.23 47.96 22.41 22.41 22.41 22.41 22.41 22.41 22.41 22.41 22.41 22.41 22.41 22.41 22.41 22.41 22.41 22.41 22.41 22.41 22.41 22.41 22.41 22.41 22.41 22.41 22.41 22.41 22.41 22.41 22.41 22.41 22.41 22.41 22.41 22.41 22.41 22.41 22.41 22.41 22.41 22.41 22.41 22.41 22.41 22.41 22.41 22.41 22.41
49.06 49.24 48.69 22.38 22.38 22.38 22.38 22.38 22.38 22.38 22.38 22.38 22.38 22.38 22.38 22.38 22.38 22.38 22.38 22.38 22.38 22.38 22.38 22.38 22.38 22.38 22.38 22.38 22.38 22.38 22.38 22.38 22.38 22.38 22.38 22.38 22.38 22.38 22.38 22.38 22.38 22.38 22.38 22.38 22.38 22.38 22.38 22.38 22.38 22.38
49.09 49.28 48.24 22.36 22.36 22.36 22.36 22.36 22.36 22.36 22.36 22.36 22.36 22.36 22.36 22.36 22.36 22.36 22.36 22.36 22.36 22.36 22.36 22.36 22.36 22.36 22.36 22.36 22.36 22.36 22.36 22.36 22.36 22.36 22.36 22.36 22.36 22.36 22.36 22.36 22.36 22.36 22.36 22.36 22.36 22.36 22.36 22.36 22.36 22.36
49.13 49.31 48.03 22.33 22.33 22.33 22.33 22.33 22.33 22.33 22.33 22.33 22.33 22.33 22.33 22.33 22.33 22.33 22.33 22.33 22.33 22.33 22.33 22.33 22.33 22.33 22.33 22.33 22.33 22.33 22.33 22.33 22.33 22.33 22.33 22.33 22.33 22.33 22.33 22.33 22.33 22.33 22.33 22.33 22.33 22.33 22.33 22.33 22.33 22.33
49.16 49.34 47.91 22.31 22.31 22.31 22.31 22.31 22.31 22.31 22.31 22.31 22.31 22.31 22.31 22.31 22.31 22.31 22.31 22.31 22.31 22.31 22.31 22.31 22.31 22.31 22.31 22.31 22.31 22.31 22.31 22.31 22.31 22.31 22.31 22.31 22.31 22.31 22.31 22.31 22.31 22.31 22.31 22.31 22.31 22.31 22.31 22.31 22.31 22.31
49.19 49.37 48.24 22.28 22.28 22.28 22.28 22.28 22.28 22.28 22.28 22.28 22.28 22.28 22.28 22.28 22.28 22.28 22.28 22.28 22.28 22.28 22.28 22.28 22.28 22.28 22.28 22.28 22.28 22.28 22.28 22.28 22.28 22.28 22.28 22.28 22.28 22.28 22.28 22.28 22.28 22.28 22.28 22.28 22.28 22.28 22.28 22.28 22.28 22.28
49.22 49.44 48.17 22.25 22.25 22.25 22.25 22.25 22.25 22.25 22.25 22.25 22.25 22.25 22.25 22.25 22.25 22.25 22.25 22.25 22.25 22.25 22.25 22.25 22.25 22.25 22.25 22.25 22.25 22.25 22.25 22.25 22.25 22.25 22.25 22.25 22.25 22.25 22.25 22.25 22.25 22.25 22.25 22.25 22.25 22.25 22.25 22.25 22.25 22.25
49.25 49.46 48.10 22.32 22.32 22.32 22.32 22.32 22.32 22.32 22.32 22.32 22.32 22.32 22.32 22.32 22.32 22.32 22.32 22.32 22.32 22.32 22.32 22.32 22.32 22.32 22.32 22.32 22.32 22.32 22.32 22.32 22.32 22.32 22.32 22.32 22.32 22.32 22.32 22.32 22.32 22.32 22.32 22.32 22.32 22.32 22.32 22.32 22.32 22.32
49.28 49.43 22.26 22.26 22.26 22.26 22.26 22.26 22.26 22.26 22.26 22.26 22.26 22.26 22.26 22.26 22.26 22.26 22.26 22.26 22.26 22.26 22.26 22.26 22.26 22.26 22.26 22.26 22.26 22.26 22.26 22.26 22.26 22.26 22.26 22.26 22.26 22.26 22.26 22.26 22.26 22.26 22.26 22.26 22.26 22.26 22.26 22.26 22.26 22.26
49.30 49.45 22.23 22.23 22.23 22.23 22.23 22.23 22.23 22.23 22.23 22.23 22.23 22.23 22.23 22.23 22.23 22.23 22.23 22.23 22.23 22.23 22.23 22.23 22.23 22.23 22.23 22.23 22.23 22.23 22.23 22.23 22.23 22.23 22.23 22.23 22.23 22.23 22.23 22.23 22.23 22.23 22.23 22.23 22.23 22.23 22.23 22.23 22.23 22.23
49.25 49.51 22.29 22.29 22.29 22.29 22.29 22.29 22.29 22.29 22.29 22.29 22.29 22.29 22.29 22.29 22.29 22.29 22.29 22.29 22.29 22.29 22.29 22.29 22.29 22.29 22.29 22.29 22.29 22.29 22.29 22.29 22.29 22.29 22.29 22.29 22.29 22.29 22.29 22.29 22.29 22.29 22.29 22.29 22.29 22.29 22.29 22.29 22.29 22.29
49.28 49.54 22.22 22.22 22.22 22.22 22.22 22.22 22.22 22.22 22.22 22.22 22.22 22.22 22.22 22.22 22.22 22.22 22.22 22.22 22.22 22.22 22.22 22.22 22.22 22.22 22.22 22.22 22.22 22.22 22.22 22.22 22.22 22.22 22.22 22.22 22.22 22.22 22.22 22.22 22.22 22.22 22.22 22.22 22.22 22.22 22.22 22.22 22.22 22.22
49.30 49.59 22.42 22.42 22.42 22.42 22.42 22.42 22.42 22.42 22.42 22.42 22.42 22.42 22.42 22.42 22.42 22.42 22.42 22.42 22.42 22.42 22.42 22.42 22.42 22.42 22.42 22.42 22.42 22.42 22.42 22.42 22.42 22.42 22.42 22.42 22.42 22.42 22.42 22.42 22.42 22.42 22.42 22.42 22.42 22.42 22.42 22.42 22.42 22.42
49.32 49.61 22.21 22.21 22.21 22.21 22.21 22.21 22.21 22.21 22.21 22.21 22.21 22.21 22.21 22.21 22.21 22.21 22.21 22.21 22.21 22.21 22.21 22.21 22.21 22.21 22.21 22.21 22.21 22.21 22.21 22.21 22.21 22.21 22.21 22.21 22.21 22.21 22.21 22.21 22.21 22.21 22.21 22.21 22.21 22.21 22.21 22.21 22.21 22.21
49.34 49.64 22.30 22.30 22.30 22.30 22.30 22.30 22.30 22.30 22.30 22.30 22.30 22.30 22.30 22.30 22.30 22.30 22.30 22.30 22.30 22.30 22.30 22.30 22.30 22.30 22.30 22.30 22.30 22.30 22.30 22.30 22.30 22.30 22.30 22.30 22.30 22.30 22.30 22.30 22.30 22.30 22.30 22.30 22.30 22.30 22.30 22.30 22.30 22.30
49.36 49.66 22.17 22.17 22.17 22.17 22.17 22.17 22.17 22.17 22.17 22.17 22.17 22.17 22.17 22.17 22.17 22.17 22.17 22.17 22.17 22.17 22.17 22.17 22.17 22.17 22.17 22.17 22.17 22.17 22.17 22.17 22.17 22.17 22.17 22.17 22.17 22.17 22.17 22.17 22.17 22.17 22.17 22.17 22.17 22.17 22.17 22.17 22.17 22.17
49.35 49.64 22.14 22.14 22.14 22.14 22.14 22.14 22.14 22.14 22.14 22.14 22.14 22.14 22.14 22.14 22.14 22.14 22.14 22.14 22.14 22.14 22.14 22.14 22.14 22.14 22.14 22.14 22.14 22.14 22.14 22.14 22.14 22.14 22.14 22.14 22.14 22.14 22.14 22.14 22.14 22.14 22.14 22.14 22.14 22.14 22.14 22.14 22.14 22.14
49.37 49.66 22.17 22.17 22.17 22.17 22.17 22.17 22.17 22.17 22.17 22.17 22.17 22.17 22.17 22.17 22.17 22.17 22.17 22.17 22.17 22.17 22.17 22.17 22.17 22.17 22.17 22.17 22.17 22.17 22.17 22.17 22.17 22.17 22.17 22.17 22.17 22.17 22.17 22.17 22.17 22.17 22.17 22.17 22.17 22.17 22.17 22.17 22.17 22.17
49.39 49.67 22.37 22.37 22.37 22.37 22.37 22.37 22.37 22.37 22.37 22.37 22.37 22.37 22.37 22.37 22.37 22.37 22.37 22.37 22.37 22.37 22.37 22.37 22.37 22.37 22.37 22.37 22.37 22.37 22.37 22.37 22.37 22.37 22.37 22.37 22.37 22.37 22.37 22.37 22.37 22.37 22.37 22.37 22.37 22.37 22.37 22.37 22.37 22.37
49.41 49.68 22.11 22.11 22.11 22.11 22.11 22.11 22.11 22.11 22.11 22.11 22.11 22.11 22.11 22.11 22.11 22.11 22.11 22.11 22.11 22.11 22.11 22.11 22.11 22.11 22.11 22.11 22.11 22.11 22.11 22.11 22.11 22.11 22.11 22.11 22.11 22.11 22.11 22.11 22.11 22.11 22.11 22.11 22.11 22.11 22.11 22.11 22.11 22.11
49.43 49.67 22.13 22.13 22.13 22.13 22.13 22.13 22.13 22.13 22.13 22.13 22.13 22.13 22.13 22.13 22.13 22.13 22.13 22.13 22.13 22.13 22.13 22.13 22.13 22.13 22.13 22.13 22.13 22.13 22.13 22.13 22.13 22.13 22.13 22.13 22.13 22.13 22.13 22.13 22.13 22.13 22.13 22.13 22.13 22.13 22.13 22.13 22.13 22.13
49.44 49.65 22.26 22.26 22.26 22.26 22.26 22.26 22.26 22.26 22.26 22.26 22.26 22.26 22.26 22.26 22.26 22.26 22.26 22.26 22.26 22.26 22.26 22.26 22.26 22.26 22.26 22.26 22.26 22.26 22.26 22.26 22.26 22.26 22.26 22.26 22.26 22.26 22.26 22.26 22.26 22.26 22.26 22.26 22.26 22.26 22.26 22.26 22.26 22.26
49.46 49.66 22.08 22.08 22.08 22.08 22.08 22.08 22.08 22.08 22.08 22.08 22.08 22.08 22.08 22.08 22.08 22.08 22.08 22.08 22.08 22.08 22.08 22.08 22.08 22.08 22.08 22.08 22.08 22.08 22.08 22.08 22.08 22.08 22.08 22.08 22.08 22.08 22.08 22.08 22.08 22.08 22.08 22.08 22.08 22.08 22.08 22.08 22.08 22.08
49.48 49.68 22.08 22.08 22.08 22.08 22.08 22.08 22.08 22.08 22.08 22.08 22.08 22.08 22.08 22.08 22.08 22.08 22.08 22.08 22.08 22.08 22.08 22.08 22.08 22.08 22.08 22.08 22.08 22.08 22.08 22.08 22.08 22.08 22.08 22.08 22.08 22.08 22.08 22.08 22.08 22.08 22.08 22.08 22.08 22.08 22.08 22.08 22.08 22.08
49.49 49.69 22.10 22.10 22.10 22.10 22.10 22.10 22.10 22.10 22.10 22.10 22.10 22.10 22.10 22.10 22.10 22.10 22.10 22.10 22.10 22.10 22.10 22.10 22.10 22.10 22.10 22.10 22.10 22.10 22.10 22.10 22.10 22.10 22.10 22.10 22.10 22.10 22.10 22.10 22.10 22.10 22.10 22.10 22.10 22.10 22.10 22.10 22.10 22.10
49.51 49.71 22.31 22.31 22.31 22.31 22.31 22.31 22.31 22.31 22.31 22.31 22.31 22.31 22.31 22.31 22.31 22.31 22.31 22.31 22.31 22.31 22.31 22.31 22.31 22.31 22.31 22.31 22.31 22.31 22.31 22.31 22.31 22.31 22.31 22.31 22.31 22.31 22.31 22.31 22.31 22.31 22.31 22.31 22.31 22.31 22.31 22.31 22.31 22.31
